genome a t g c
Bacillus_Subtilis 0.28182733395862897 0.2830285847396555 0.21707721262376037 0.2180668686779552
Candida_glabrata 0.3057011059139639 0.30850998426745924 0.19293880031565866 0.19285010950291823
Escherichia_Coli 0.24619295026856816 0.2458999511380862 0.25366765970391575 0.2542394388894299
Herpes_Cercopitheque 0.12831895094681386 0.12711988723698728 0.37536434316182893 0.3691968186543699
Herpes_Humain 0.1592003205022954 0.15795246320462888 0.34488805406505935 0.33795916222801636
SARS_COV_2 0.29943483931378123 0.32083737417650404 0.19606728421897468 0.18366050229074005
SARS_COV_Tor2 0.2850660482000605 0.3073174010957615 0.20795939632281268 0.19965715438136533
Saccharomyces 0.30334726216021335 0.3039510377120816 0.19879418637986604 0.19390751374783902
Staphylococcus_Aureus 0.3346066688923405 0.33661533373469577 0.16488664870147218 0.16389134867149158
